
==================================
| IO Statistics                  |
|                                |
| Duration: 147.838469 secs      |
| Interval:   1 secs             |
|                                |
| Col 1: Frames and bytes        |
|--------------------------------|
|            |1                  |
| Interval   | Frames |   Bytes  |
|--------------------------------|
|   0 <>   1 |     27 |     2322 |
|   1 <>   2 |     52 |     4144 |
|   2 <>   3 |   1013 | 12903748 |
|   3 <>   4 |    449 | 11826114 |
|   4 <>   5 |    482 | 13139032 |
|   5 <>   6 |    408 | 11823432 |
|   6 <>   7 |    446 | 13136636 |
|   7 <>   8 |    404 | 11823144 |
|   8 <>   9 |    443 | 13136438 |
|   9 <>  10 |    416 | 13134656 |
|  10 <>  11 |    403 | 11823078 |
|  11 <>  12 |    431 | 13135646 |
|  12 <>  13 |    397 | 11822698 |
|  13 <>  14 |    427 | 13135402 |
|  14 <>  15 |    407 | 11823350 |
|  15 <>  16 |   2170 | 65679220 |
|  16 <>  17 |    443 | 13136438 |
|  17 <>  18 |    392 | 11822352 |
|  18 <>  19 |    426 | 13135316 |
|  19 <>  20 |    472 | 13145992 |
|  20 <>  21 |    530 | 11839864 |
|  21 <>  22 |    603 | 13185962 |
|  22 <>  23 |    434 |  6334660 |
|  23 <>  24 |    150 |  1906280 |
|  24 <>  25 |    122 |  1187712 |
|  25 <>  26 |     30 |   232384 |
|  26 <>  27 |     19 |     1210 |
|  27 <>  28 |      2 |      132 |
|  28 <>  29 |      2 |      140 |
|  29 <>  30 |      4 |      264 |
|  30 <>  31 |     12 |      792 |
|  31 <>  32 |      4 |      264 |
|  32 <>  33 |      0 |        0 |
|  33 <>  34 |      2 |      132 |
|  34 <>  35 |      0 |        0 |
|  35 <>  36 |      0 |        0 |
|  36 <>  37 |      0 |        0 |
|  37 <>  38 |      2 |      132 |
|  38 <>  39 |     12 |      792 |
|  39 <>  40 |      4 |      264 |
|  40 <>  41 |      0 |        0 |
|  41 <>  42 |      2 |      132 |
|  42 <>  43 |      0 |        0 |
|  43 <>  44 |      0 |        0 |
|  44 <>  45 |      0 |        0 |
|  45 <>  46 |      0 |        0 |
|  46 <>  47 |      0 |        0 |
|  47 <>  48 |      0 |        0 |
|  48 <>  49 |      0 |        0 |
|  49 <>  50 |      0 |        0 |
|  50 <>  51 |      1 |       70 |
|  51 <>  52 |      0 |        0 |
|  52 <>  53 |      0 |        0 |
|  53 <>  54 |      6 |      412 |
|  54 <>  55 |     10 |      660 |
|  55 <>  56 |      3 |      202 |
|  56 <>  57 |      5 |      334 |
|  57 <>  58 |      0 |        0 |
|  58 <>  59 |      6 |      300 |
|  59 <>  60 |      1 |       70 |
|  60 <>  61 |      1 |       70 |
|  61 <>  62 |      0 |        0 |
|  62 <>  63 |      0 |        0 |
|  63 <>  64 |      1 |       70 |
|  64 <>  65 |      0 |        0 |
|  65 <>  66 |      1 |       70 |
|  66 <>  67 |      0 |        0 |
|  67 <>  68 |      0 |        0 |
|  68 <>  69 |      0 |        0 |
|  69 <>  70 |      0 |        0 |
|  70 <>  71 |      0 |        0 |
|  71 <>  72 |      0 |        0 |
|  72 <>  73 |      0 |        0 |
|  73 <>  74 |      0 |        0 |
|  74 <>  75 |      0 |        0 |
|  75 <>  76 |      0 |        0 |
|  76 <>  77 |      0 |        0 |
|  77 <>  78 |      0 |        0 |
|  78 <>  79 |      0 |        0 |
|  79 <>  80 |      0 |        0 |
|  80 <>  81 |      0 |        0 |
|  81 <>  82 |      0 |        0 |
|  82 <>  83 |      0 |        0 |
|  83 <>  84 |      0 |        0 |
|  84 <>  85 |      0 |        0 |
|  85 <>  86 |     12 |      792 |
|  86 <>  87 |      0 |        0 |
|  87 <>  88 |      0 |        0 |
|  88 <>  89 |      6 |      396 |
|  89 <>  90 |      0 |        0 |
|  90 <>  91 |      6 |      300 |
|  91 <>  92 |      0 |        0 |
|  92 <>  93 |      0 |        0 |
|  93 <>  94 |      0 |        0 |
|  94 <>  95 |      0 |        0 |
|  95 <>  96 |      0 |        0 |
|  96 <>  97 |      0 |        0 |
|  97 <>  98 |      0 |        0 |
|  98 <>  99 |      0 |        0 |
|  99 <> 100 |      0 |        0 |
| 100 <> 101 |      0 |        0 |
| 101 <> 102 |      0 |        0 |
| 102 <> 103 |      0 |        0 |
| 103 <> 104 |      0 |        0 |
| 104 <> 105 |      0 |        0 |
| 105 <> 106 |      0 |        0 |
| 106 <> 107 |      1 |       70 |
| 107 <> 108 |      0 |        0 |
| 108 <> 109 |      0 |        0 |
| 109 <> 110 |      0 |        0 |
| 110 <> 111 |      0 |        0 |
| 111 <> 112 |      1 |       70 |
| 112 <> 113 |      0 |        0 |
| 113 <> 114 |      0 |        0 |
| 114 <> 115 |      0 |        0 |
| 115 <> 116 |      0 |        0 |
| 116 <> 117 |      0 |        0 |
| 117 <> 118 |      3 |      210 |
| 118 <> 119 |      0 |        0 |
| 119 <> 120 |      0 |        0 |
| 120 <> 121 |      0 |        0 |
| 121 <> 122 |      0 |        0 |
| 122 <> 123 |      2 |      140 |
| 123 <> 124 |      0 |        0 |
| 124 <> 125 |      0 |        0 |
| 125 <> 126 |      0 |        0 |
| 126 <> 127 |      0 |        0 |
| 127 <> 128 |      1 |       70 |
| 128 <> 129 |      0 |        0 |
| 129 <> 130 |      0 |        0 |
| 130 <> 131 |      0 |        0 |
| 131 <> 132 |      0 |        0 |
| 132 <> 133 |      1 |       70 |
| 133 <> 134 |      0 |        0 |
| 134 <> 135 |      0 |        0 |
| 135 <> 136 |      0 |        0 |
| 136 <> 137 |      0 |        0 |
| 137 <> 138 |      1 |       70 |
| 138 <> 139 |      0 |        0 |
| 139 <> 140 |      0 |        0 |
| 140 <> 141 |      0 |        0 |
| 141 <> 142 |      0 |        0 |
| 142 <> 143 |      1 |       70 |
| 143 <> 144 |      0 |        0 |
| 144 <> 145 |      0 |        0 |
| 145 <> 146 |      0 |        0 |
| 146 <> 147 |      0 |        0 |
| 147 <> Dur |     14 |      925 |
==================================
